pepito,1234
136,117,114,163,102,165,105,171,138,182,196,181,134,118,109,145,120,132,200,175,198,153,128,122,112
maria,4321
179,118,143,109,153,189,169,188,174,165,200,198,146,177,193,178,158,124,152,162,100,115,112,133,160
felipe,2222
143,199,152,180,120,141,197,123,184,185,130,103,132,125,200,173,191,113,102,138,153,129,187,126,110
ana,3333
113,193,125,168,117,199,179,187,102,107,173,175,166,163,115,124,167,156,111,122,184,192,112,137,145
aaaa,aaaa
101,129,161,117,174,192,140,108,120,143,184,166,183,191,175,136,150,148,170,110,144,146,137,171,162
bbbb,bbbb
113,186,169,117,134,185,183,153,139,172,137,135,111,191,115,136,196,156,155,106,177,102,163,184,147
cccc,Abcdefr8.
135,141,165,198,113,197,112,123,138,159,178,176,134,144,128,164,143,149,104,148,169,139,105,121,173